1000
784837.4516 170946.1381
779333.1813 769887.6025
586553.9423 516433.4603
356597.8802 38069.519
791906.5749 148914.9433
216325.1181 600494.7538
369613.8235 67054.9447
997465.6468 429753.4448
519107.6345 514233.0712
855745.3015 865023.0304
716724.0987 599049.855
123328.9278 180608.93
660423.7805 867824.3554
530208.5226 286719.4181
112914.2402 105481.7478
410220.6131 401771.5935
73684.2954 511229.135
485238.4162 813935.2205
164454.5857 609344.951
320625.6362 345279.8757
433932.3283 880381.8032
355506.4941 97972.065
624878.1251 889588.8666
612578.8805 827484.9238
499861.0783 365726.2121
961735.3103 951060.3756
978214.2471 593491.1972
664001.9989 693104.6423
495601.2843 583921.3746
232808.4085 629600.716
581875.8929 880835.719
134423.5697 77581.8461
41094.5858 919648.0262
989041.7569 958867.3042
491727.0801 917579.5532
979546.9089 550818.6509
274420.4216 403561.7167
393976.1239 529655.0828
86370.6219 302966.0866
828095.0418 183268.0342
399623.1814 12787.1472
820540.019 971457.4798
823173.746 434009.9399
950114.2748 995365.6967
35714.5655 182220.6107
200164.0227 112146.048
691559.0658 462019.6112
3416.2239 142369.8938
434086.0203 969010.662
90615.6262 97947.597
320195.0094 72377.9761
807712.4057 989102.4244
652783.8141 195133.2652
420331.7487 970446.0343
103596.8928 90907.3376
979690.9126 762098.5741
115873.7695 672514.423
426293.7918 978368.7369
632657.6897 58274.1874
766783.629 781042.6864
279099.6318 930282.7127
257737.2478 919123.5538
590541.9708 999435.4706
165745.2918 353440.8856
843600.2056 459955.6718
298263.3542 111879.4426
378366.823 269026.8746
19416.1384 353403.7503
621591.8177 874360.2274
887404.4821 586258.521
735763.8875 807217.2458
791062.6205 983744.8965
338313.8129 142114.1921
791811.0255 835617.6797
278650.8049 501508.7231
79375.9221 960613.7696
807440.6546 286838.4891
817074.2197 948617.0011
991891.3463 164510.2918
225579.7893 705401.5421
339175.0059 864361.1056
88327.1787 347204.9757
285168.0462 398841.8012
691965.547 975268.5185
54584.2229 694900.8887
794925.807 238423.6557
751512.3169 987415.8932
36368.2953 651661.101
734318.6877 262346.542
3632.6818 624335.7682
914021.022 746475.8177
497321.8822 79768.4539
112696.2458 231508.2789
29748.9013 372900.762
973792.8466 364523.2292
945602.3367 535988.7737
173422.702 620739.5004
226286.4856 264711.3943
935270.1169 25295.7921
274689.1645 99638.9574
4240.6629 500106.6336
747907.5439 973724.2759
45774.4821 284999.2832
905132.0094 254700.5576
257080.9282 977339.224
99161.3062 150882.6541
540808.1752 346107.4818
745965.2159 894599.941
12413.3956 38578.3012
195029.9003 46190.4524
526008.9521 42933.6724
652045.0558 708091.374
385046.1245 379477.9275
16316.227 694557.3529
480483.0617 330135.5716
597047.5391 51300.3161
332440.762 674819.4263
641166.0336 407645.3367
700746.4202 542418.0903
653275.5172 716819.3676
951092.2454 945339.083
798944.2608 963837.6454
882250.8164 756444.5245
258805.8652 120335.4831
826835.6803 240958.7685
286821.7514 485565.9898
415878.4725 205851.7663
92585.3737 276235.7285
779262.5832 944448.4489
742165.4856 493627.4954
644855.0091 128682.6049
833236.28 202372.5354
842055.012 685750.4863
446281.7882 790098.9945
968520.2413 403649.9528
511490.6259 767022.943
816473.8854 368638.3605
763984.6467 201601.1165
809191.8396 154281.4236
230463.0393 622361.7817
773469.1873 614360.9832
296739.6181 490517.3012
435141.7548 239404.9431
435305.3357 20784.4532
60491.0653 390621.9891
799998.5022 713784.3101
552018.5717 820838.2054
10468.8509 271940.8947
374230.9792 208538.4725
639965.998 713841.2346
677598.3065 671725.2746
770453.5541 113078.5055
510447.6415 3633.1642
888468.7498 620276.2968
721102.4408 532606.8481
127127.4429 73645.028
772781.9177 820591.6447
750354.2418 324966.8716
774790.0858 238031.6499
403276.9311 631712.5804
604839.5892 423668.8321
763254.4372 350748.3404
517735.8093 808366.5437
950528.6702 615338.8632
727229.724 78861.717
598454.2248 559263.4128
702874.8457 800310.2665
779319.4547 782956.1884
621197.114 524420.6616
817744.7713 43165.7189
183603.751 270247.9341
828991.792 120704.5903
550398.6248 525417.3836
14961.7736 691887.5235
807180.4373 416002.5736
162874.9724 630045.381
565804.823 980157.664
973876.0612 427436.7935
612951.9158 110854.7899
436684.9494 257271.7115
360251.9136 505624.2839
397233.8744 782079.3931
105710.1028 323622.9889
862213.2102 484791.6775
956146.4045 700309.2091
264297.1108 126656.6415
367496.169 123508.7503
780455.7613 499939.8936
519719.3067 261765.8844
547918.3555 879840.3568
996887.6046 790676.6461
294861.7856 117547.5143
136953.6039 626167.9773
674703.5889 70894.4217
189870.6938 607077.7156
940823.5751 772586.8212
152189.998 747736.4778
67411.4882 358930.2149
420372.0171 281789.6028
311535.4919 94159.456
218321.908 365984.5836
879851.1548 366592.213
74120.4093 913390.0819
946182.9705 709668.1241
829982.8698 497374.0814
565202.2452 571089.7976
845313.2968 51294.3249
760553.3674 695215.2042
804615.4478 131967.8942
669432.7072 594261.9907
337233.7162 160469.9172
11551.0833 229656.9146
18336.4281 885122.9902
892667.8821 62837.8802
88185.2385 38563.4297
88433.4585 591935.1711
867599.7289 388094.1734
824885.5908 81413.7435
82174.7698 22623.4856
802960.9517 645380.6
105466.3282 301869.2703
45195.9706 566194.7388
638552.932 932275.8369
72898.2785 685669.7279
294464.8002 284519.2008
277536.0584 457623.6567
355995.0591 58352.5981
870246.4283 674448.0914
218259.9806 299584.256
493513.8591 744483.4071
166958.6781 21028.0795
179044.3351 579145.6076
99337.9374 587625.5706
794029.5154 532202.7531
832743.6199 755718.5727
595811.8148 723512.8835
79668.9863 656622.325
122968.7481 668573.9763
708794.7619 391424.8116
94119.5467 498185.2884
518439.2278 287867.1301
622824.2196 338761.9149
601266.9056 19123.5342
370320.3169 54269.8974
349960.9575 410918.762
253448.173 686785.9885
689848.9878 73564.8155
564864.8447 305058.7916
990819.7767 582942.4752
63012.4087 404148.2715
325689.7813 508990.4695
880764.5157 590493.7123
992711.1908 524610.3228
13143.0484 644854.7614
873112.4118 616756.147
577908.3733 899746.4556
546265.7628 792828.9349
448268.002 834760.6728
586535.9844 674823.5728
883792.9124 6050.2588
489387.4012 600990.8795
816099.6415 38846.8351
536702.4254 397649.1828
465791.4515 655484.072
390932.2745 550342.9636
8732.2109 677113.959
473078.8768 95685.0734
166153.4708 568702.8507
272955.7754 818264.7148
461662.2014 166476.8057
671466.7581 622936.603
133696.4363 292952.8656
732481.3172 771230.2852
522762.8526 258434.6517
925404.0246 756930.3328
776848.0973 278784.7341
418121.4295 148854.9979
48449.6674 478149.7088
975027.9693 569261.3554
321302.0497 931084.6643
479027.2365 939796.368
26854.0612 125852.8376
292831.6204 703738.3465
86640.3892 445820.2059
693489.0605 377673.8553
353342.631 644000.452
437042.8747 356929.623
738307.1625 43823.9318
19526.7712 643953.9122
952244.9079 528775.4077
64807.1199 648643.4711
303923.2991 619688.4829
595151.7046 244423.6962
307670.6868 913007.3036
187505.6519 994683.086
147900.9926 829217.3076
775659.6297 60251.607
992623.3139 802759.7589
906323.2669 229623.37
692280.18 342332.8301
485254.4085 859143.6649
868505.1185 872020.4071
272053.5306 950809.0791
374543.5727 523358.4592
303128.4966 930307.7719
21650.324 82479.9775
587263.3419 213880.8687
48283.5707 247673.4502
687210.6496 545640.3459
474715.1329 89305.0639
274157.1281 714936.4425
396353.1247 430593.2678
281545.3441 238030.8886
593012.6651 692917.7761
135273.1586 873107.9691
188526.551 862402.2754
131341.6476 519764.1009
369608.6347 749237.6576
398114.8154 518653.0387
545290.9879 384106.9712
813370.8528 361900.4189
968945.0676 902321.8508
124921.959 471936.1899
350397.5633 186489.5244
745083.8483 919465.2483
760030.7966 217170.9263
469373.9301 525283.0445
797128.8353 375872.9634
343359.841 533721.9412
899479.6301 317193.9081
570268.3041 604431.7497
256176.4933 441786.7016
885031.9118 95415.2121
940884.293 183045.4136
490194.1197 174745.3666
235905.7818 368063.7775
852140.9967 890992.003
811778.7173 176251.6154
577654.3837 522772.7285
188836.6374 931131.4948
560908.8378 492126.9856
374332.0078 832296.6276
319272.5079 657416.0499
719145.7599 527425.9211
154152.2169 501328.5258
63958.0632 181977.2856
901361.5559 680959.7409
795897.8105 350064.3011
638331.9348 76711.4588
806505.7449 900398.7706
930647.1346 445361.8307
874279.6436 410405.4161
661744.8318 891783.1933
557578.5744 97219.988
755230.3997 223283.9935
744139.0468 653687.6422
664580.1342 903042.9091
138538.5709 573183.413
343868.7589 492101.3723
155602.3139 375131.4106
372516.5295 399234.4138
714435.0782 890996.5963
106053.7789 661105.4901
439150.8807 641933.2891
134568.9502 348096.2569
840667.9087 189219.2367
969153.8868 820837.2043
455553.3375 226170.6476
790825.1894 151528.8201
113645.5846 254304.7454
124914.934 514227.111
608962.9747 385983.1515
333158.0473 987668.9621
559177.695 953375.145
676869.4496 342759.4628
611215.5929 803726.9657
836198.174 226173.2333
636837.7196 209557.9238
727587.7187 868349.3053
635474.0763 467888.484
214109.2099 761776.145
547859.3878 321143.0286
748099.0931 738531.1101
604094.9123 151144.2326
832.6798 222861.8245
73779.5583 104079.2332
24064.0452 759761.7898
684766.4148 186042.1812
689650.9658 829012.4672
276971.0168 600430.7402
918754.1399 785120.4421
438089.0354 544338.1198
780581.9416 429453.4719
802498.1494 2768.8688
774020.2735 818003.1856
847550.1835 197789.2733
249200.1573 503546.352
639918.4715 174088.017
58672.268 610660.7426
268791.4028 600076.9049
296862.8574 353744.5934
307503.5298 2451.5071
209125.8748 408935.1839
635626.7293 219318.8923
173005.5512 294545.5942
452920.6025 843887.8224
749800.2237 993039.1738
196309.2357 155187.285
107654.7465 322905.5905
180472.4938 955582.5346
266418.915 213877.5853
430706.0026 699125.2997
606653.0446 113766.8173
776153.8175 668944.8431
943994.5923 533774.3061
178029.6229 942007.715
281055.2029 160236.0107
326384.022 168751.2908
714331.8019 121309.2684
660040.4031 185695.1635
73893.1552 815341.8124
605509.1933 437912.1753
854205.5516 882859.0859
354910.8342 977074.8873
746590.8049 599167.5618
262571.7727 210310.5551
106937.3248 912036.0557
275393.6085 60038.4428
400567.3043 109478.0722
579718.9168 591917.9485
420881.2526 552376.3118
940450.2825 66653.7174
13622.059 215357.0148
684989.5053 601998.9989
52349.8343 460711.6152
878841.4219 578799.9101
971240.8442 116069.2087
93926.8214 709350.778
325799.7738 445242.3746
452613.881 219818.1834
494095.5761 289306.4686
651889.9298 581307.967
470526.1693 165295.4883
144205.6434 71606.8909
223200.3208 620500.2625
487511.4038 774517.4273
724924.3568 171568.6373
213610.3599 607286.9179
655432.4606 468805.0837
861057.7313 585214.8469
28996.1052 96911.664
759497.3724 633052.1933
899758.7977 989982.3774
209892.1011 584749.6489
380740.288 205988.0793
227135.5618 637095.557
490507.3958 79756.9018
36158.8589 31407.2485
145880.8567 285171.9408
775018.3477 93981.1752
279559.186 843781.6921
592710.5842 222207.8606
318670.2677 828314.0855
50121.7848 617093.3262
958725.6159 210393.1829
148121.0997 624295.9209
346483.4226 647905.6135
234942.7149 419589.566
589185.1106 528816.0031
952607.5986 206961.9575
443313.9215 106831.5132
652345.096 234553.403
40568.3132 933303.8391
928673.0425 262897.4671
326587.6363 960321.272
524333.917 465934.5429
999765.9647 412955.7003
995748.1503 876088.4073
473115.3241 615372.9631
164658.6954 570966.3517
64091.6091 946662.8339
811547.1747 169984.5707
814191.6404 443588.9576
814860.5743 838106.2031
86492.9964 955987.7093
24313.8888 650408.3525
313960.7607 4924.4564
182531.6286 108135.8172
119132.5786 459888.3956
497375.1602 57311.9247
248100.3941 55234.3374
853466.6123 628778.6737
13647.9875 944105.2103
41489.4436 634816.7625
974909.6463 284755.5224
550679.7593 148958.0564
776650.9107 873735.3613
936946.2419 504758.9535
97742.2718 998903.5725
358688.0411 776477.447
446205.7935 774284.66
701816.8846 847724.6161
244280.6423 933986.5241
442040.2019 665651.8596
34194.9384 20878.069
551086.127 854929.6432
326353.7306 746660.4324
398353.0366 219859.4047
103647.4063 705157.7491
153379.9427 433475.3109
224498.9392 625837.1493
369501.9194 453171.8389
412451.386 98193.5431
469672.7809 663504.9898
900901.9471 387952.5667
90768.3714 590394.2267
330140.2188 41160.9601
789550.8342 331856.582
567821.7827 31436.6749
524557.763 158513.8565
472306.1932 880834.5176
283896.0686 6277.5187
681212.4202 672745.3891
888979.0155 783806.2529
162753.9626 121430.7456
866770.8587 384722.0403
588870.3944 65751.7142
598975.0934 529970.5977
814071.3974 515207.2755
926740.3517 794595.4034
229095.5886 7382.0954
524323.3498 598842.794
799495.5569 287951.3626
127806.5559 476172.9024
634395.9371 720739.6416
29931.5077 564813.7782
811913.0456 239223.5378
933547.5254 768479.7028
656095.3928 443259.8984
648063.2655 162873.3999
457163.4883 33303.4928
974682.8345 880169.6039
93510.6653 67687.5911
301517.4452 102517.6476
738954.9348 129403.4742
264986.1998 442204.4964
119594.7762 371414.6022
315767.674 701660.0377
329184.7601 329972.6755
849129.1267 788373.1967
142496.5882 358471.1941
512833.9641 153447.8821
435678.14 259659.209
251381.5936 399482.7191
733445.272 53710.9347
782820.7911 579599.0883
64375.6601 555430.196
411537.2814 344087.5163
853466.8924 612431.984
252547.8328 678431.4673
78468.705 683069.7777
472374.9261 179966.8474
450181.2802 49644.6515
960908.3862 356457.8815
85332.3434 973024.995
246274.5331 367850.4104
839291.1559 930277.496
389724.4943 96290.3217
481641.6535 199308.6576
607450.3624 200771.3237
880311.8588 976052.6876
925294.3106 263720.133
114383.3326 739672.0826
837260.231 373236.116
90921.8723 929626.3143
987553.5792 708700.596
178006.1589 508379.2136
29184.5313 541166.8526
25743.8039 369852.0002
40828.7196 481344.3
172572.571 899922.2319
195006.7809 1482.7568
18172.2861 595644.8953
474636.3762 219233.6684
384980.4369 159455.205
406929.9888 323935.5766
768399.7781 557493.7685
775418.5941 514176.8978
774991.8117 443196.2242
607514.7109 17853.5486
341902.6509 359986.2892
920508.4894 21400.0852
130899.8504 404212.4724
343166.6373 646662.1017
684386.1572 856667.8468
365098.8107 820118.5856
21356.5334 839196.2656
259751.6453 120711.7862
877295.2118 892123.3814
662527.4606 362504.7027
16463.2526 569230.9313
37634.5516 275470.2419
24909.6171 652914.3144
799051.5709 312765.7248
585473.8725 857291.7049
555027.3593 96152.5301
495474.7584 806377.722
637229.0046 30009.0897
415136.2922 502226.6275
525081.9697 610819.5605
384773.4517 6783.7443
20932.7062 480279.4536
639877.9613 151519.7426
798329.8052 55858.6451
444841.8593 353346.5409
881306.0789 627402.5939
469896.7802 857827.6384
280267.4959 448682.0646
484370.2428 657701.5327
861351.7035 521745.0386
260499.8599 368108.6814
956531.2971 220286.5016
443348.935 765424.3172
808185.9482 486141.3272
420712.0495 823806.1821
746660.4945 962788.2683
82354.9037 455538.3367
616984.9323 738391.1408
766074.7331 491769.9456
721398.4665 580971.416
155522.9368 118853.1932
723942.9889 474788.4004
272889.6305 257652.0642
791615.7951 250322.5565
477422.3586 642519.359
768770.4701 411563.1889
600778.3267 499559.3676
511378.1231 6010.0168
461935.9053 268809.5527
246954.8407 601522.7014
889914.8208 81375.6779
781564.0858 241166.5931
271212.1396 768664.3651
75725.8221 520751.786
408456.275 621366.7318
169741.049 105923.9041
912754.1767 33092.3672
353148.2468 79786.2288
96959.5893 444475.5381
824444.8454 227786.3578
4117.2319 160346.3969
28371.2769 51439.158
701688.3542 738547.2846
688102.0874 878557.7074
895087.2237 388241.4136
293678.2401 71510.2712
303435.7474 425068.0782
251794.7889 263799.9546
81532.5027 333973.0839
995827.9977 432227.7514
66975.482 228595.0727
746579.3723 777216.8423
257996.9219 866843.864
55210.0957 504577.7982
522537.8947 437720.336
944461.072 511975.2905
456296.4865 55139.832
960904.4745 320393.8987
518527.9435 269173.8731
427218.1696 158902.7228
316694.1952 186060.5826
469336.4069 895718.063
651013.1285 834958.7478
975890.4479 546538.8158
746683.6982 273475.7376
113334.5705 511373.659
174720.4705 39268.2661
321784.4468 51139.9272
210491.9193 800208.2928
953305.5644 655742.3889
809430.92 335476.3874
575501.9844 321114.9139
358371.2149 411644.8647
740768.2289 320142.4813
646284.2837 507080.1553
624727.1668 402864.5982
757052.3695 498069.5779
428308.9486 452638.6593
191762.5803 544607.4646
249091.499 649783.2225
275039.709 940448.7634
149612.1962 624938.3924
984093.7848 687703.9236
220500.302 816418.5054
851109.2093 217832.3055
195673.0158 781714.1672
982142.5423 435296.5357
417318.1232 388706.7313
906983.3785 774635.5967
696115.0891 864657.6016
29046.6164 204690.8822
387449.1041 107448.1557
401327.1784 468014.6643
934284.6543 236574.9599
854974.1457 503338.9742
566292.7311 150049.8934
57285.8778 18502.2971
268032.6686 781007.5917
380363.2912 426511.9049
639360.0334 330388.4579
374125.1504 227244.249
776300.4878 756663.3465
516612.657 940545.0458
53865.884 831703.8154
427689.8584 574342.4974
586328.4173 836870.1518
267743.483 270091.1387
600724.7763 547961.4608
152179.5166 635610.1817
964722.0594 573414.8245
773413.2178 196652.5508
466631.3384 433793.051
470023.654 857543.3711
213275.0811 269720.458
496138.582 872232.4572
582489.076 418691.5478
362169.9243 817653.9146
147957.3653 141665.7902
61655.3429 340242.0608
467782.9203 644593.3642
471057.4446 662401.3885
613221.9794 817542.8078
407509.238 934257.3067
809070.6704 759692.4046
800420.9637 203060.4471
375499.8474 12725.4512
944333.9585 295037.5176
218100.1165 520578.6536
995689.3666 150368.4473
815212.1814 80113.2183
513166.6932 203693.7597
914280.0339 407222.4971
503233.1541 267699.6947
169955.008 313913.888
689077.7971 662602.9599
686194.6716 689767.5589
53202.7941 366123.9704
125841.6145 647765.0521
418059.5942 118460.5524
929417.2149 217729.4843
587027.3425 669186.9552
821058.9566 757641.49
255281.4025 952995.6135
923764.8689 472497.699
301570.2848 37716.6389
585163.7566 884211.585
573301.5751 41605.6181
932988.6277 910298.2962
542011.8223 250738.1553
11918.2652 242053.9006
614783.7375 465285.6909
284941.1243 545683.7214
87027.0908 951241.879
731524.5154 889489.8484
568361.2636 98748.1219
742914.6926 268439.0718
305856.8023 219896.442
833866.8922 756265.3705
116672.4565 780542.6437
78730.8315 284975.3509
539984.1572 939716.501
379522.6481 97772.051
731463.452 958438.8316
29946.4869 315498.4835
132117.0284 760267.6196
620289.2205 543024.644
510894.4719 336604.6655
326681.0965 915505.5948
716069.9238 474267.074
45363.3574 647060.7289
257392.1769 182990.2609
879339.6649 600966.558
460510.8023 555397.6242
823884.2307 911812.7216
417800.5215 546289.9219
337081.3871 974484.2749
988100.8532 507996.4149
725451.735 182471.3725
614900.8273 609220.3418
593162.4195 171931.7953
736337.5433 706364.1947
802174.9389 329206.2449
728729.2128 173294.2232
298237.2695 218460.1931
981096.5799 899298.3153
865379.1802 131961.8083
113193.0015 591666.6015
378503.2555 772423.129
561212.644 302610.8473
915309.6848 618907.1538
714878.5929 819037.608
643290.6954 118457.0382
377318.5859 474316.5872
30516.9388 811846.6982
371328.33 164324.0501
947665.3604 233270.4607
866645.5098 626985.0342
833302.1739 272896.337
131928.3585 559470.444
650102.2249 366808.918
320920.0284 462108.2377
582534.3694 237370.3262
689536.4721 77787.9494
384934.2189 562124.5927
850263.3628 661729.7142
272078.4308 563872.9906
310810.563 525847.6583
262848.1308 320504.3041
405383.1428 293863.4911
261673.5464 550998.8344
455605.1301 87637.5839
699898.4729 502154.1692
399633.3953 37366.1375
609305.515 440081.7707
638096.9188 739684.1378
633040.4901 926770.5864
143372.0496 55825.819
898670.4464 880008.0502
972579.7182 643937.9895
357647.8617 298160.163
893608.0967 619800.9723
494618.4131 937435.4617
134951.4425 214701.0056
690484.57 464434.4834
654051.2162 719608.9019
46069.0779 239855.9016
881678.7517 896383.6586
673837.456 651287.2257
782449.729 165572.366
838271.1642 907172.0357
718536.3552 325479.7173
539980.7005 648445.3562
84445.2677 173154.5844
592777.21 523975.2977
211927.2196 202992.3093
203411.6444 536741.2121
139668.0129 361309.8102
700634.1086 252871.7781
820474.1255 50887.1962
52153.6556 432918.8989
924185.1595 615577.7093
777143.7781 440508.3407
850685.7471 292326.2079
566383.6855 659795.8945
605846.9704 999543.6141
365597.4124 339039.7659
262108.2371 873265.6698
828343.3573 887749.5742
332850.9404 141571.087
782549.241 882997.2774
852377.7085 968802.4718
549947.6251 297360.2051
619006.142 592217.3973
930084.0851 84341.7776
582401.5733 92536.1088
80572.5512 139828.7762
142404.2441 503501.7719
622941.54 922125.3441
871796.9641 90145.1282
121293.0517 551174.8732
510227.3269 764650.6131
134855.1368 840289.2505
86464.0681 417999.1819
631756.9033 277423.9865
37628.6328 523725.3253
245973.9787 323461.733
611520.7054 174642.6024
318739.7284 491006.2063
420355.6615 737226.2647
308706.9435 353778.8915
825197.9575 735389.6506
229443.0653 208441.3692
601967.0495 568650.401
237655.1305 467965.766
476859.3955 957545.3845
914115.391 970356.2659
147548.3033 540606.8108
50447.2383 755427.8407
711053.9776 447255.7423
417613.3524 488739.7319
936824.3623 883443.3777
667526.5495 202724.6094
674642.6021 648902.425
858742.0755 578750.375
213057.4374 312385.274
73554.2585 341748.668
622018.2981 235551.0275
150183.3716 469072.2104
863041.1604 941011.9119
92879.6046 134848.9928
261550.6809 373016.4211
7043.8884 650705.2448
627049.2319 343384.7668
171566.0069 397605.9948
509984.834 348462.1118
790158.1918 516228.5595
326178.4533 239152.537
709017.22 103735.8966
306757.3674 757678.4857
544760.4254 488863.7395
382043.7439 136151.8455
864972.5772 834439.7063
498991.2828 675711.5909
756587.5769 526883.7335
142063.4454 61002.9779
535561.7376 21299.1749
461869.3064 886933.8031
862716.2853 661070.8613
553686.7088 619071.9281
187422.8448 217694.2875
567030.3436 658355.0576
455324.6202 396410.0252
201193.518 897608.2227
101914.3907 885718.5952
129204.0716 128994.871
673581.1063 962370.256
367039.2874 574182.6701
485211.217 717403.9932
718097.4595 835562.1957
52583.7534 422972.8445
311997.934 155435.7132
253999.243 702297.85
62613.6446 686347.9098
643248.1759 445130.6144
317498.915 17638.8831
168962.7182 367759.5618
511392.0557 76008.1193
588322.4216 706859.5969
52311.4126 41904.4286
806581.1196 36152.5927
877591.6044 294484.5431
755123.1745 42714.0292
296088.5869 345022.1028
294659.8456 647667.3072
944210.2969 482843.0376
394553.3982 447680.0812
353415.6857 538434.2664
684209.0646 805932.7648
574674.3549 132260.0615
910342.26 89860.684
212176.9337 308943.8475
731946.3878 660003.6121
455371.6878 360488.386
628786.0873 452533.898
794065.3709 378004.7809
4463.7509 990214.7055
970495.0325 232652.5668
352381.1059 873725.3396
950547.4089 783819.0159
548090.5049 149415.8778
405091.9774 208931.7022
118098.7973 268231.0517
529927.5017 590367.6316
254990.6671 847679.9664
958950.5831 897169.9431
420924.3779 423190.3195
487923.5932 132170.025
13501.7373 699244.2729
780323.8245 921249.6619
551237.7685 823669.1394
219339.4933 206483.0225
930770.8767 168487.1093
879054.1782 883218.6786
36888.1236 364612.7107
45978.9723 63917.1796
876510.0364 135315.4833
344610.7792 749541.3378
563929.0266 890174.832
800840.5398 682806.5134
239598.4013 284836.3397
713060.2913 280080.9046
448591.4501 558302.1911
700196.2387 623992.8639
410843.8129 669814.1637
306567.2403 118773.9765
322558.0331 588284.2781
331321.7878 497664.9755
289048.9476 185859.9455
802895.2133 618988.9681
416463.2594 798339.4704
1627.0555 887240.2028
995156.3056 860728.2418
425178.9566 778790.1616
444880.5107 833228.1701
702756.5757 200071.5879
923888.87 341084.8797
601789.1778 425565.9418
966788.6767 723618.3612
582468.4016 344599.6737
992169.4453 687195.7076