100
394482.0507 913161.0284
467683.6106 884167.856
463711.0554 122857.1559
830850.7222 898804.8714
216854.0543 938896.6894
723637.6128 983206.067
891368.4459 988743.7186
118957.5775 61089.6407
432250.8545 594862.9665
891347.9858 995197.2254
552035.8196 562222.6483
582782.9626 553555.857
626679.5528 215852.4581
760231.1819 919411.5485
841010.9641 77266.0225
97905.3603 894268.7407
205376.8532 967124.0974
623500.4077 639219.0219
185284.3083 366070.2094
701471.3499 437650.0909
885464.3897 70673.1541
880329.3748 920967.5883
222225.2367 867170.3032
44466.7453 137922.4104
543596.7724 179616.1805
865843.0991 965440.92
725228.5161 700210.5004
104560.5507 163111.0267
381677.5745 564825.122
917539.389 131589.4571
778709.4198 640300.8161
696444.3579 680236.5362
510139.6026 329344.789
272945.7717 344861.4498
569191.9951 129784.9671
323444.7233 503448.0768
936183.6332 154704.0994
916093.2122 981643.5706
170820.3402 371916.4301
182524.879 368192.6946
207931.104 593176.2654
837082.592 967113.7371
742708.2338 486077.9354
695217.5605 907719.2474
756363.0057 814707.4968
785817.5057 826602.9532
333213.9814 360361.5245
970150.2047 689237.9966
302882.3988 437715.1433
789722.9047 444960.4224
959960.4693 960550.2594
441346.5231 810289.3223
641152.6427 84276.8024
221579.9304 467439.3114
870073.3423 195794.9498
291461.5403 478060.687
2043.9204 646684.2659
963840.1845 30668.9815
298267.5852 176676.0126
679091.9738 595063.8482
828748.5139 324405.5928
800002.0035 313618.0215
876439.647 940546.6394
723684.5112 794908.4026
799573.992 179199.1074
261354.5596 747906.0881
249185.7957 359787.0385
749200.0497 794345.999
75414.4717 909929.6718
140514.3977 775066.1742
723575.7131 60650.963
382440.64 808283.0805
200055.0733 121956.2157
26982.0096 619810.3032
269958.6471 898975.5646
790117.3678 898232.8343
179437.5045 939615.2206
689283.8568 608393.4003
746537.0646 446617.3235
742369.4315 214145.5384
328100.2064 47269.8875
110603.0898 839969.9094
983514.7731 463085.2273
287554.97 373905.0668
903302.151 240404.288
498097.4205 127771.0565
812724.4414 307862.7251
609471.29 389109.5337
668636.0002 203728.1902
900128.2126 759852.8099
425790.5722 428280.8668
10558.2481 420501.0033
37439.4691 748658.4855
313544.9571 124362.0832
280080.387 847871.1894
678514.3985 436308.4378
741559.1835 791974.4154
488204.9842 819009.0748
987544.6476 740673.6164
575659.9511 990290.8063